20
67 89 23 45 10 98 76 54 32 11 44 66 88 22 55 99 77 33 12 43
88 12 34 56 78 90 21 43 65 87 99 11 33 55 77 98 20 42 64 86
51 62 73 84 95 10 21 32 43 54 65 76 87 98 19 30 41 52 63 74
93 28 47 65 81 19 36 53 70 87 10 27 44 61 78 95 12 29 46 63
14 36 58 80 12 34 56 78 10 32 54 76 98 20 42 64 86 18 40 62
25 47 69 91 13 35 57 79 11 33 55 77 99 21 43 65 87 19 41 63
36 58 80 12 34 56 78 10 32 54 76 98 20 42 64 86 18 40 62 84
47 69 91 13 35 57 79 11 33 55 77 99 21 43 65 87 19 41 63 85
58 80 12 34 56 78 10 32 54 76 98 20 42 64 86 18 40 62 84 95
69 91 13 35 57 79 11 33 55 77 99 21 43 65 87 19 41 63 85 96
80 12 34 56 78 10 32 54 76 98 20 42 64 86 18 40 62 84 95 16
91 13 35 57 79 11 33 55 77 99 21 43 65 87 19 41 63 85 96 17
12 34 56 78 10 32 54 76 98 20 42 64 86 18 40 62 84 95 16 38
23 45 67 89 11 33 55 77 99 21 43 65 87 19 41 63 85 96 17 39
34 56 78 10 32 54 76 98 20 42 64 86 18 40 62 84 95 16 38 50
45 67 89 11 33 55 77 99 21 43 65 87 19 41 63 85 96 17 39 51
56 78 10 32 54 76 98 20 42 64 86 18 40 62 84 95 16 38 50 72
67 89 11 33 55 77 99 21 43 65 87 19 41 63 85 96 17 39 51 73
78 10 32 54 76 98 20 42 64 86 18 40 62 84 95 16 38 50 72 94
89 11 33 55 77 99 21 43 65 87 19 41 63 85 96 17 39 51 73 95